rotation:
  w: -0.5000000000000001
  x: -0.5
  y: 0.4999999999999999
  z: -0.5
translation:
  x: 0.06
  y: 0.015000000000000003
  z: 0.009999999999999983
